16395
1091586532
18
30
1
unnamedActor
17
b_pelvis
-1
b_spine
0
b_l_thigh
0
b_r_thigh
0
b_spine1
1
b_l_calf
2
b_r_calf
3
b_neck
4
b_l_clavicle
4
b_r_clavicle
4
b_l_foot
5
b_r_foot
6
b_head
7
b_l_upperarm
8
b_r_upperarm
9
b_l_forearm
13
b_r_forearm
14
0.7486249805	-3.1610538964	11.2646961207
-0.6102718531	-0.4977028743	-0.3958229131	0.4724238941
1.0000000000
-0.5636066184	-2.6499087783	13.2591968210
0.5083831271	0.6002972534	0.4731527167	-0.3966312019
1.0000000000
0.7805781004	-0.7505897057	10.6679747597
0.7080396644	0.2756268650	0.3235415377	0.5639419636
1.0000000000
0.7166718372	-5.5715198486	11.8614179177
0.4772344147	-0.3370160782	-0.3149775643	0.7479683218
1.0000000000
-2.2141401913	-0.3554362829	22.6045367205
-0.6755288748	-0.3577341790	-0.4733386473	0.4377642305
1.0000000000
6.7888055443	6.3537852284	12.0534655332
0.3007372377	0.6977445531	-0.1745109469	0.6263031071
1.0000000000
6.1201907109	-13.0298898768	13.7758936744
0.5629437962	0.1562898101	-0.7784910779	0.2293892307
1.0000000000
3.2392502944	0.9145970123	40.1624834665
0.5124368376	0.5672045303	0.5945172411	-0.2494729611
1.0000000000
4.1682214532	3.5595212758	39.6833888667
-0.1559658404	0.5194426544	0.3407085888	0.7679659127
1.0000000000
2.3122520906	-1.7308497649	40.6425148113
0.5610434345	-0.7694336096	-0.2749380406	-0.1327074184
1.0000000000
6.4955521032	8.0578957307	3.7570268557
-0.3938398709	-0.5898938433	0.3915718556	-0.5861628541
1.0000000000
3.9087153661	-14.5654221171	5.7401982223
-0.5586620230	-0.4158401533	0.6616172127	-0.2779143299
1.0000000000
2.7449010326	1.3162934960	41.4215674221
-0.5174518646	-0.4424827288	-0.5414694037	0.4932174848
1.0000000000
6.8019888225	7.7292691764	29.2484224650
-0.3879742186	0.4980478544	0.0216281019	0.7752138838
1.0000000000
-1.5569716046	-10.8534465570	34.7247958208
0.3258414584	-0.8442091120	-0.3661512366	-0.2169598839
1.0000000000
10.9317858316	4.8313945973	22.7702162951
-0.6132922782	0.1498275695	-0.4640661937	0.6213427788
1.0000000000
-7.2513808307	-14.0662008432	29.7577086106
-0.9040012538	-0.0405423672	-0.0892946267	0.4161304114
1.0000000000
-2.6010880457	-3.9886455309	11.3878863703
-0.5883317987	-0.5091490448	-0.4009092846	0.4836369407
1.0000000000
-3.9775849856	-3.5915613660	13.3649636285
0.5005075488	0.6015599093	0.4850545533	-0.3903075064
1.0000000000
-2.6526201650	-1.5615304362	10.8645396810
0.7491936361	0.3262440881	0.3122216449	0.4845527166
1.0000000000
-2.5495558888	-6.4157623992	11.9112334421
0.5035576323	-0.2429127525	-0.3272174169	0.7618082881
1.0000000000
-5.8804146100	-1.4093083894	22.6891930504
-0.6783790864	-0.3483380606	-0.4694056835	0.4451075320
1.0000000000
2.9178387182	5.8832727822	12.2912203656
0.2935104665	0.7626125687	-0.1259669426	0.5624997826
1.0000000000
3.7328120469	-13.4069567950	12.2927713286
-0.4811340714	-0.2847570072	0.8155311805	-0.1494401078
1.0000000000
-0.0458247356	-0.4002239633	40.1412203227
0.5183288185	0.5593498986	0.5933330200	-0.2577185561
1.0000000000
0.8844998309	2.2470316270	39.6778873430
-0.1430918817	0.5123028352	0.3661206342	0.7635615231
1.0000000000
-0.9741590603	-3.0480229830	40.6054402551
0.5554769526	-0.7701562530	-0.2858527818	-0.1288133850
1.0000000000
1.2661883532	8.4761673142	4.3937629310
0.3314652360	0.6160273170	-0.4040814674	0.5893719621
1.0000000000
-0.4397612060	-13.1504530078	4.9208840454
-0.5743705229	-0.4054691717	0.6347294873	-0.3206426845
1.0000000000
-0.5112325938	-0.0135586497	41.4159434792
-0.5282015317	-0.4352423460	-0.5337189149	0.4967004751
1.0000000000
3.2736857681	7.0079938318	29.4388892790
-0.4210203581	0.5372173373	0.0069911780	0.7308149656
1.0000000000
-5.0103562643	-12.0732774064	34.6501101209
0.3424322100	-0.8339819599	-0.3728707399	-0.2195032650
1.0000000000
6.7444388977	3.3775880867	22.9431920546
-0.6590954243	0.1773524677	-0.4327256067	0.5889718781
1.0000000000
-10.5044631248	-15.4190126384	29.5470828377
-0.9002960637	-0.0474657137	-0.0838901488	0.4244719622
1.0000000000
-5.9508011914	-4.8162371702	11.5026172008
-0.5677214994	-0.5195752905	-0.4047521663	0.4938719474
1.0000000000
-7.3810237836	-4.5263212700	13.4600814411
0.4923820186	0.6027317392	0.4968049399	-0.3840042317
1.0000000000
-6.0839961696	-2.3790919485	11.0443407931
0.7821778680	0.4097586843	0.2687174404	0.3848201407
1.0000000000
-5.8176061159	-7.2533841727	11.9608939435
0.5566810128	-0.1209123936	-0.3470518896	0.7450110261
1.0000000000
-9.5366619789	-2.4566147557	22.7549069834
-0.6807387071	-0.3390051275	-0.4653252282	0.4529268905
1.0000000000
-1.1944844426	5.5963430587	12.0320838882
0.2774878543	0.8382749542	-0.0743080170	0.4634370620
1.0000000000
1.0482357844	-13.3842110461	10.0208697252
-0.3865784122	-0.4184140847	0.8180919879	-0.0788180456
1.0000000000
-3.3250398432	-1.7185744621	40.0899868293
0.5237381800	0.5513868618	0.5921730151	-0.2664619441
1.0000000000
-2.3956552945	0.9321354822	39.6448749773
-0.1290291163	0.5037662637	0.3927262013	0.7585098348
1.0000000000
-4.2524174639	-4.3698469278	40.5359346674
0.5501429450	-0.7703394668	-0.2971428604	-0.1250038661
1.0000000000
-4.7238102541	8.9552782779	5.0979438245
0.2664852009	0.6424006807	-0.4111408478	0.5892963655
1.0000000000
-4.7882165426	-11.7355445366	4.1015279683
-0.5886739674	-0.3907041474	0.6073162566	-0.3632907841
1.0000000000
-3.7616059646	-1.3489078392	41.3798667750
-0.5382335692	-0.4281092738	-0.5256419216	0.5007271163
1.0000000000
-0.2722946327	6.3079711197	29.6546906641
-0.4393653504	0.5493730522	-0.0054259757	0.7107164675
1.0000000000
-8.4470667944	-13.2951599054	34.5396218395
0.3575855462	-0.8242725892	-0.3787637665	-0.2219127868
1.0000000000
2.9818719833	2.2807844382	23.2819186880
-0.6755149369	0.1962964882	-0.4135634783	0.5780246605
1.0000000000
-13.7495099996	-16.7551839197	29.3115847540
-0.8968688182	-0.0540306827	-0.0789495109	0.4318263344
1.0000000000
-8.7473441263	-5.0447505555	11.6152332024
-0.5473611900	-0.5295856376	-0.4076791691	0.5037186468
1.0000000000
-10.2243735503	-4.8605821656	13.5506195279
0.4840096171	0.6038134824	0.5083987840	-0.3777229745
1.0000000000
-8.9639687064	-2.6029555777	11.2175573582
0.7707198131	0.5234398477	0.2101463662	0.2963784749
1.0000000000
-8.5307193879	-7.4865473176	12.0129093372
0.5995445391	-0.0697748620	-0.2947961629	0.7407921683
1.0000000000
-12.6330282551	-2.9037279510	22.8076896390
-0.6826075870	-0.3297599530	-0.4610824115	0.4612030630
1.0000000000
-5.5426870008	6.1588284074	11.3460010995
0.2306530402	0.9026613319	-0.0388923059	0.3612327276
1.0000000000
-0.8503957811	-12.3822184147	9.6601341836
-0.3673792082	-0.4789095456	0.7871396244	-0.1268439053
1.0000000000
-6.0486355678	-2.4447657414	40.0143474471
0.5286563780	0.5433384551	0.5910166752	-0.2756901285
1.0000000000
-5.1224753522	0.2104559436	39.5898848840
-0.1138714824	0.4942608159	0.4196461385	0.7527527149
1.0000000000
-6.9727727568	-5.1005669952	40.4395939277
0.5450544955	-0.7699773537	-0.3087809919	-0.1212632291
1.0000000000
-10.9039675695	9.4495992391	5.6672351323
0.2118177538	0.6663438643	-0.4025230549	0.5908420127
1.0000000000
-6.7647872118	-11.0924037918	3.7290941312
0.5947048934	0.3825269683	-0.5947029040	0.3825279916
1.0000000000
-6.4564758452	-2.0939757285	41.3188191178
-0.5475442825	-0.4211291715	-0.5172369686	0.5052834828
1.0000000000
-3.2849421477	6.2031148487	29.8984679141
-0.4529029171	0.5510994137	-0.0173688897	0.7006188019
1.0000000000
-11.3173274505	-13.9239207619	34.3992847382
0.3717298617	-0.8149273119	-0.3839565175	-0.2242493678
1.0000000000
-0.0664448302	1.9044457652	23.6869644955
-0.6810325819	0.2121940958	-0.3989739330	0.5761840755
1.0000000000
-16.4332477844	-17.4846997172	29.0543568378
-0.8936604907	-0.0605046129	-0.0744593622	0.4383673375
1.0000000000
-10.9090722459	-4.4286542001	11.7320789499
-0.5261373362	-0.5397333679	-0.4098262503	0.5137215584
1.0000000000
-12.4283049766	-4.3544476431	13.6419688529
0.4753935277	0.6048059085	0.5198310569	-0.3714653135
1.0000000000
-11.2152660647	-1.9875150635	11.3936708230
0.7069936535	0.6455663735	0.1580721884	0.2416965340
1.0000000000
-10.6028782034	-6.8697951206	12.0704873241
0.6061363979	-0.1019521373	-0.2248533051	0.7560723643
1.0000000000
-15.0898762401	-2.5107303998	22.8528856412
-0.6839866917	-0.3206261507	-0.4566623187	0.4699155283
1.0000000000
-10.1192316600	7.3181472208	10.5606744598
0.1690264405	0.9423513245	-0.0213844230	0.2880047744
1.0000000000
-2.3427081367	-11.2308976555	10.9565338833
-0.4257813346	-0.4432893589	0.7513089320	-0.2402908407
1.0000000000
-8.1370036493	-2.3367870636	39.9192634861
0.5330762449	0.5352271936	0.5898429698	-0.2853889263
1.0000000000
-7.2163432627	0.3239252599	39.5178437636
-0.0978157241	0.4842601529	0.4460398269	0.7463060105
1.0000000000
-9.0556254857	-4.9980937479	40.3214140378
0.5402233166	-0.7690651213	-0.3207392129	-0.1175753574
1.0000000000
-16.7038075455	9.9135004446	5.8993026699
0.1791880105	0.6848826137	-0.3739713324	0.5991434761
1.0000000000
-6.7660142869	-11.0917104671	3.7290949533
0.5947048793	0.3825269777	-0.5947029294	0.3825279645
1.0000000000
-8.5162435376	-2.0066536144	41.2376802175
-0.5561310386	-0.4143460973	-0.5085032534	0.5103528395
1.0000000000
-5.6803451148	6.9145943394	30.1681997764
-0.4641518341	0.5475093593	-0.0289779833	0.6956700747
1.0000000000
-13.5415429044	-13.7180345777	34.2344411348
0.3851598701	-0.8058185646	-0.3885662965	-0.2265492189
1.0000000000
-2.4059143443	2.4102718866	24.1341929847
-0.6811445937	0.2263748688	-0.3864412618	0.5791887537
1.0000000000
-18.4735080195	-17.3692785186	28.7787853833
-0.8906114256	-0.0671061894	-0.0704101611	0.4442414402
1.0000000000
-12.7474684669	-3.3576515814	11.8594989904
-0.5029230470	-0.5505174042	-0.4111306607	0.5243763689
1.0000000000
-14.3051968992	-3.4032312175	13.7390358409
0.4665370351	0.6057098175	0.5310967960	-0.3652328095
1.0000000000
-13.1543080733	-0.9236121479	11.5813469270
0.6105706193	0.7487697977	0.1098499872	0.2334101310
1.0000000000
-12.3406285632	-5.7916927935	12.1376512571
0.5974226432	-0.1272524665	-0.2030554323	0.7652852321
1.0000000000
-17.2192740439	-1.6729143959	22.8953670405
-0.6848781146	-0.3116263146	-0.4520500462	0.4790425492
1.0000000000
-14.5225250772	8.1600445681	9.5550972382
0.1390363305	0.9560971181	-0.0257011382	0.2566839518
1.0000000000
-4.0140721891	-10.1455817113	11.6875097675
0.4781054437	0.3801602744	-0.7197530788	0.3299225000
1.0000000000
-9.9021828749	-1.7878153441	39.8092938729
0.5369920222	0.5270750196	0.5886304629	-0.2955430086
1.0000000000
-8.9892893079	0.8792760042	39.4332719527
-0.0811571706	0.4742860976	0.4711222640	0.7392631627
1.0000000000
-10.8130229317	-4.4555133907	40.1859926064
0.5356597225	-0.7675991145	-0.3329889670	-0.1139236980
1.0000000000
-21.5528530264	10.3013508726	5.3348862068
0.1829969866	0.6915401828	-0.3091824207	0.6266502288
1.0000000000
-6.7694818176	-11.0897641082	3.7290475266
0.5947053517	0.3825269325	-0.5947018245	0.3825289929
1.0000000000
-10.2529508618	-1.4800124104	41.1409292728
-0.5639922466	-0.4078023227	-0.4994406244	0.5159157625
1.0000000000
-7.7636274707	8.0303587258	30.4570912012
-0.4737883465	0.5410659819	-0.0398724508	0.6936731172
1.0000000000
-15.4317915371	-13.0711333081	34.0500222437
0.3980685005	-0.7968463658	-0.3927035030	-0.2288259097
1.0000000000
-4.3863294529	3.3663720742	24.6037893805
-0.6782737800	0.2391079473	-0.3749985738	0.5849343028
1.0000000000
-20.1806989007	-16.8044727318	28.4885388543
-0.8876624883	-0.0740151143	-0.0667941984	0.4495726914
1.0000000000
-14.2990537407	-2.1855168865	12.0038378727
-0.4766004430	-0.5623711314	-0.4112987558	0.5361194473
1.0000000000
-15.8907707855	-2.3660674787	13.8464155447
0.4574435243	0.6065260391	0.5421911064	-0.3590270046
1.0000000000
-14.8229210548	0.2324388849	11.7882272879
0.5250430203	0.8102747196	0.0620906044	0.2528427622
1.0000000000
-13.7751860439	-4.6034744248	12.2194486149
0.5884966359	-0.1374140926	-0.2093793252	0.7687323168
1.0000000000
-19.0566300450	-0.7493932560	22.9397066184
-0.6852850867	-0.3027819608	-0.4472307571	0.4885612388
1.0000000000
-17.8406846102	8.5317664840	8.5471179974
-0.1388512580	-0.9554768713	0.0491292304	-0.2556767396
1.0000000000
-5.5482987852	-9.1531323919	11.8886079656
0.5160854867	0.3144302522	-0.6881194411	0.4015980847
1.0000000000
-11.3795020961	-1.1548360289	39.6887743211
0.5403993886	0.5189032518	0.5873573876	-0.3061359426
1.0000000000
-10.4766340676	1.5194211002	39.3404619035
-0.0642784303	0.4649081152	0.4941773421	0.7317906001
1.0000000000
-12.2803022092	-3.8297095514	40.0377087099
0.5313726091	-0.7655768453	-0.3455011871	-0.1102913143
1.0000000000
-24.8806311700	10.5675251991	4.2908609797
0.1901813693	0.6869079200	-0.2269259626	0.6636965901
1.0000000000
-6.7750116512	-11.0866286550	3.7290950142
0.5947048787	0.3825269779	-0.5947029308	0.3825279631
1.0000000000
-11.7019233890	-0.8709238889	41.0328249420
-0.5711273381	-0.4015381566	-0.4900495772	0.5219502700
1.0000000000
-9.5613833896	9.1773979118	30.7538584270
-0.4817884617	0.5334326973	-0.0493625605	0.6934643273
1.0000000000
-17.0234659194	-12.3406272088	33.8507271412
0.4104823040	-0.7879845569	-0.3964975161	-0.2310288636
1.0000000000
-6.0633002845	4.3947842683	25.0696630645
-0.6738263129	0.2502575163	-0.3643764559	0.5920802936
1.0000000000
-21.5909072029	-16.1480732521	28.1884063591
-0.8847577629	-0.0813594199	-0.0635953149	0.4544667004
1.0000000000
-15.6003490190	-1.2660243026	12.1714401452
-0.4460942542	-0.5756427041	-0.4097493163	0.5493094677
1.0000000000
-17.2186180003	-1.6014986559	13.9686370199
0.4481164789	0.6072554328	0.5531091633	-0.3528494215
1.0000000000
-16.2630214802	1.1226057873	12.0206207103
0.5235571307	0.8044125248	0.0395001898	0.2779355246
1.0000000000
-14.9376760734	-3.6546561380	12.3222596902
0.5858916796	-0.1341574266	-0.2260253584	0.7665802385
1.0000000000
-20.6352206416	-0.0986878888	22.9904233805
-0.6852119818	-0.2941134748	-0.4421897390	0.4984476289
1.0000000000
-19.0595226933	9.2527243537	8.2033863755
-0.1121014552	-0.9532183290	0.0879713238	-0.2665879352
1.0000000000
-6.8305083160	-8.3932788856	11.7656606175
0.5414933717	0.2608676915	-0.6550572473	0.4578569413
1.0000000000
-12.6021166012	-0.7942394362	39.5620676506
0.5432954839	0.5107325370	0.5860017236	-0.3171502367
1.0000000000
-11.7115246115	1.8878584536	39.2437278527
-0.0476321615	0.4567404209	0.5145646217	0.7241150566
1.0000000000
-13.4906268199	-3.4769605981	39.8809738618
0.5273694384	-0.7629970191	-0.3582463787	-0.1066609414
1.0000000000
-26.1166626936	10.6663894577	3.7291030918
0.1770449888	0.6845830113	-0.1770439573	0.6845849909
1.0000000000
-6.7822368009	-11.0825478147	3.7290950359
0.5947048786	0.3825269775	-0.5947029313	0.3825279629
1.0000000000
-12.8963071074	-0.5356574278	40.9176564363
-0.5775367472	-0.3955917799	-0.4803312476	0.5284319652
1.0000000000
-11.0972312032	9.9866766764	31.0434937758
-0.4877418668	0.5260557623	-0.0564663374	0.6943952470
1.0000000000
-18.3498067618	-11.8833014670	33.6412730860
0.4223519829	-0.7792509406	-0.4000759824	-0.2330793479
1.0000000000
-7.4831436237	5.1292367490	25.4969900202
-0.6688064024	0.2594705604	-0.3547364054	0.5996124641
1.0000000000
-22.7392815924	-15.7567210048	27.8837411766
-0.8818454655	-0.0892304536	-0.0607946274	0.4590103642
1.0000000000
-16.4730436879	-0.7412031943	12.4669715276
0.3927942873	0.5977205402	0.4024753915	-0.5713635996
1.0000000000
-18.1044816842	-1.3421397687	14.1811883873
0.4385594795	0.6078988867	0.5638462137	-0.3467015630
1.0000000000
-17.3840918941	1.5683705280	12.4095660709
0.5573439062	0.7696694632	0.0546530356	0.3065774509
1.0000000000
-15.5619948159	-3.0507786043	12.5243770263
0.5870927232	-0.1246495566	-0.2476688580	0.7605555596
1.0000000000
-21.7704726172	0.0466080501	23.1230077168
-0.6846643197	-0.2856400604	-0.4369124610	0.5086767408
1.0000000000
-19.1785330823	9.9541999507	8.5432537943
-0.0786983270	-0.9470110628	0.1118599996	-0.2906268412
1.0000000000
-7.6014195746	-7.9714908751	11.5723530276
0.5554152203	0.2274403341	-0.6328145810	0.4892142001
1.0000000000
-13.3852995518	-0.9364956916	39.5045926825
0.5456789122	0.5025828506	0.5845412490	-0.3285673924
1.0000000000
-12.5092256613	1.7539970560	39.2184341194
-0.0302347619	0.4549557728	0.5264269513	0.7176181220
1.0000000000
-14.2592783642	-3.6276156137	39.7912615035
0.5241288739	-0.7595432710	-0.3717495008	-0.1009220077
1.0000000000
-26.1166619530	10.6663886858	3.7291038286
0.1681802637	0.6868145657	-0.1681792732	0.6868164844
1.0000000000
-6.7909562325	-11.0776089167	3.7291353369
0.5947047201	0.3825264062	-0.5947038402	0.3825273676
1.0000000000
-13.6513602730	-0.7045553184	40.8707731321
-0.5832218866	-0.3899991375	-0.4702873709	0.5353341878
1.0000000000
-12.1424226043	10.1568152569	31.3146278393
-0.4853077153	0.5234548591	-0.0526452782	0.6983551437
1.0000000000
-19.2246134482	-11.9510968800	33.5241114815
0.4345451333	-0.7687562218	-0.4064083835	-0.2345562288
1.0000000000
-8.4766617636	5.3812812745	25.7310332772
-0.6640977071	0.2617307628	-0.3498147952	0.6067131549
1.0000000000
-23.4311657557	-15.8715643529	27.6628066465
-0.8773821801	-0.1000819109	-0.0573560784	0.4657192303
1.0000000000
-16.8791363989	-0.4558796619	12.8431023614
-0.3267146190	-0.6232948951	-0.3849762897	0.5971216692
1.0000000000
-18.4673051063	-1.3730419215	14.4548677570
0.4287762029	0.6084573179	0.5743975786	-0.3405849114
1.0000000000
-18.1029966984	1.7049169216	12.8667474803
0.5554924757	0.7551934491	0.0969238942	0.3342405161
1.0000000000
-15.6552752051	-2.6166778244	12.8194572251
0.5885537974	-0.1170671818	-0.2727087576	0.7520170450
1.0000000000
-22.3810119862	-0.0985351400	23.3082724054
-0.6836487654	-0.2773796938	-0.4313846320	0.5192226597
1.0000000000
-19.6026865212	10.2069071589	9.1307580070
-0.0637964824	-0.9353176175	0.0974627750	-0.3340837780
1.0000000000
-7.9053672812	-7.7713440057	11.4560567524
0.5628704556	0.2080313097	-0.6257421090	0.4983438947
1.0000000000
-13.6475002290	-1.3645277741	39.4871778484
0.5475497864	0.4944733671	0.5829536704	-0.3403679461
1.0000000000
-12.7881774768	1.3347850341	39.2353481831
-0.0161393454	0.4597499342	0.5299202258	0.7124282938
1.0000000000
-14.5047151498	-4.0644685385	39.7394611439
0.5212113602	-0.7554693977	-0.3854192984	-0.0951665463
1.0000000000
-26.1166626764	10.6663894379	3.7291031127
0.1726162582	0.6857130952	-0.1726152331	0.6857150718
1.0000000000
-6.8007770461	-11.0720759914	3.7290953424
0.5947048774	0.3825269727	-0.5947029387	0.3825279581
1.0000000000
-13.8855120185	-1.1604064087	40.8629389181
-0.5881851324	-0.3847937107	-0.4599203318	0.5426281771
1.0000000000
-12.6077817856	9.8782291613	31.4771865611
-0.4750174419	0.5277419390	-0.0376206977	0.7031582743
1.0000000000
-19.5665015721	-12.3071426666	33.4427394797
0.4439268390	-0.7593167517	-0.4140100695	-0.2344412390
1.0000000000
-8.9937558739	5.3270492716	25.6767008993
-0.6616277136	0.2576859929	-0.3498744827	0.6110929095
1.0000000000
-23.6385970934	-16.2487355028	27.5011970983
-0.8724472926	-0.1116645520	-0.0538832625	0.4727190958
1.0000000000
-17.0656120011	-0.3180229962	13.0781841279
-0.2869249415	-0.6377968951	-0.3694899378	0.6118548720
1.0000000000
-18.5949387642	-1.4162154236	14.6326574112
0.4187704195	0.6089316714	0.5847586549	-0.3345009280
1.0000000000
-18.4773080326	1.7244324735	13.1322671064
0.5441881197	0.7497707407	0.1364509237	0.3508336818
1.0000000000
-15.6539149380	-2.3604799583	13.0241011100
0.5904460625	-0.1130415889	-0.2894318399	0.7448652606
1.0000000000
-22.7543715896	-0.2561063298	23.3892268540
-0.6821731249	-0.2693490810	-0.4255922589	0.5300586093
1.0000000000
-19.9970079945	10.3014475672	9.5803874613
-0.0530544784	-0.9249227479	0.0746417312	-0.3689603564
1.0000000000
-8.0634436298	-7.6722552347	11.3930567049
0.5681031159	0.1966309806	-0.6224755481	0.5011180491
1.0000000000
-13.6760612375	-1.7982443129	39.3529368830
0.5489097515	0.4864223909	0.5812167171	-0.3525315163
1.0000000000
-12.8357126218	0.9101779998	39.1375159236
-0.0129359768	0.4638980443	0.5334141402	0.7071779267
1.0000000000
-14.5142898330	-4.5072921140	39.5687545051
0.5171165954	-0.7519176499	-0.3975800110	-0.0956054881
1.0000000000
-26.1166626914	10.6663894544	3.7291030961
0.1770449886	0.6845830115	-0.1770439573	0.6845849908
1.0000000000
-6.8115514644	-11.0659884358	3.7291004925
0.5947048547	0.3825268929	-0.5947030669	0.3825278738
1.0000000000
-13.8860800367	-1.6229794485	40.7372085312
-0.5924298100	-0.3800063583	-0.4492331675	0.5502832445
1.0000000000
-12.8295186946	9.4791901997	31.4055017315
-0.4664758008	0.5321806555	-0.0241455645	0.7061168947
1.0000000000
-19.6722875768	-12.6054187103	33.1634857997
0.4507269159	-0.7545728526	-0.4151444380	-0.2347768154
1.0000000000
-9.2790848665	5.1224615406	25.4194019483
-0.6607163839	0.2535151867	-0.3503887051	0.6135239731
1.0000000000
-23.6418909857	-16.5900364035	27.1814198934
-0.8708140580	-0.1192396999	-0.0534554757	0.4739275075
1.0000000000
-17.1871507658	-0.2483739171	13.1448020497
-0.2759124788	-0.6416947646	-0.3644841340	0.6158339461
1.0000000000
-18.6956934813	-1.3951221882	14.6844518223
0.4085459929	0.6093229201	0.5949249169	-0.3284510525
1.0000000000
-18.6504447966	1.7572665950	13.2048995978
0.5417820949	0.7461829042	0.1500166331	0.3566205897
1.0000000000
-15.7238556657	-2.2540158948	13.0847044577
0.5915476010	-0.1110322254	-0.2952233118	0.7420151460
1.0000000000
-23.0985446914	-0.3495459623	23.3358051571
-0.6802463382	-0.2615636188	-0.4195217046	0.5411570309
1.0000000000
-20.1422791843	10.3696452245	9.7275601829
-0.0475439306	-0.9208997291	0.0685940097	-0.3807599316
1.0000000000
-8.1886176487	-7.6111011252	11.3490941963
0.5708484218	0.1907584086	-0.6189015108	0.5046823048
1.0000000000
-13.6787817935	-2.1590415474	39.0719971669
0.5497619449	0.4784474422	0.5793081504	-0.3650368692
1.0000000000
-12.8596187483	0.5586382783	38.8949895957
-0.0195627379	0.4648597831	0.5396611646	0.7016327449
1.0000000000
-14.4958132126	-4.8773410327	39.2493442305
0.5117233795	-0.7490344304	-0.4082108141	-0.1022278644
1.0000000000
-26.1213885657	10.6690586759	3.7291030893
0.1770449890	0.6845830111	-0.1770439574	0.6845849910
1.0000000000
-6.8229658986	-11.0595377248	3.7291096704
0.5947048150	0.3825267473	-0.5947032970	0.3825277235
1.0000000000
-13.8608345567	-2.0135254146	40.4636564324
-0.5959601627	-0.3756653225	-0.4382294665	0.5582669475
1.0000000000
-13.0287845653	9.0891539257	31.1223621359
-0.4621103530	0.5338285571	-0.0157505859	0.7079781157
1.0000000000
-19.7516534542	-12.7619372397	32.6598565197
0.4579091480	-0.7530192423	-0.4086750408	-0.2372044348
1.0000000000
-9.5016986201	4.8549364664	25.0353987852
-0.6601709298	0.2503865235	-0.3500313367	0.6155964551
1.0000000000
-23.5952706607	-16.8325215552	26.6534439471
-0.8726357421	-0.1233933566	-0.0565757143	0.4691269868
1.0000000000
-17.2453014955	-0.2212881641	13.1707090192
-0.2716641675	-0.6431851107	-0.3624651099	0.6173577063
1.0000000000
-18.7452945269	-1.3865690373	14.7047870932
0.3981068773	0.6096320642	0.6048919188	-0.3224367025
1.0000000000
-18.7284371893	1.7696618713	13.2328497470
0.5406282512	0.7448171181	0.1555608119	0.3588445184
1.0000000000
-15.7621647180	-2.2122396543	13.1085682461
0.5921538176	-0.1102438928	-0.2974036472	0.7407774369
1.0000000000
-23.3889396002	-0.4556393623	23.2425955543
-0.6778784678	-0.2540373602	-0.4131597467	0.5524896615
1.0000000000
-20.2138331310	10.3956573284	9.7866451426
-0.0456309919	-0.9192111958	0.0658667229	-0.3855258291
1.0000000000
-8.2479547551	-7.5853211176	11.3317279774
0.5720783941	0.1884838327	-0.6173293916	0.5060677604
1.0000000000
-13.6308819959	-2.5217060377	38.7392283040
0.5501110024	0.4705652055	0.5772058578	-0.3778619724
1.0000000000
-12.8351023081	0.2052334219	38.6025561353
-0.0295162659	0.4651936606	0.5459456983	0.6961802516
1.0000000000
-14.4245190608	-5.2492558735	38.8761827330
0.5060455111	-0.7460399137	-0.4184694330	-0.1105699849
1.0000000000
-26.1340634939	10.6761866171	3.7291654124
0.1770408816	0.6845858400	-0.1770425555	0.6845835869
1.0000000000
-6.8347408701	-11.0528846538	3.7291156963
0.5947047890	0.3825266511	-0.5947034482	0.3825276249
1.0000000000
-13.7849632296	-2.4066808154	40.1371059225
-0.5987813304	-0.3717961107	-0.4269133661	0.5665452747
1.0000000000
-13.1689242554	8.6617856092	30.7547959501
-0.4585913478	0.5351112646	-0.0080857971	0.7094254930
1.0000000000
-19.7727759013	-12.8959093776	32.0837677546
0.4649321778	-0.7526755409	-0.3995724014	-0.2401239185
1.0000000000
-9.6613547124	4.5376789964	24.5815669621
-0.6600794963	0.2468710257	-0.3499045669	0.6171843722
1.0000000000
-23.4870754104	-17.0670176375	26.0649741103
-0.8755981932	-0.1265326043	-0.0610315349	0.4621606386
1.0000000000
-17.2573518363	-0.2251575574	13.1670080236
-0.2722698659	-0.6429730803	-0.3627560088	0.6171408399
1.0000000000
-18.7585820337	-1.3878031296	14.7018752205
0.3874571164	0.6098601305	0.6146552959	-0.3164592729
1.0000000000
-18.7376609582	1.7679037532	13.2288668542
0.5407992709	0.7450476603	0.1547179704	0.3584724287
1.0000000000
-15.7770416326	-2.2182203244	13.1051491478
0.5923415476	-0.1103870563	-0.2968519678	0.7408273065
1.0000000000
-23.6400805882	-0.5716121685	23.1178746931
-0.6750806851	-0.2467829845	-0.4064936348	0.5640276163
1.0000000000
-20.2245989223	10.3918680106	9.7782464921
-0.0465410117	-0.9194529735	0.0659955248	-0.3848178198
1.0000000000
-8.2572580039	-7.5858764324	11.3355053406
0.5721477289	0.1889464746	-0.6173100986	0.5058403387
1.0000000000
-13.5467132316	-2.8815193024	38.3632743511
0.5499630849	0.4627914161	0.5748879786	-0.3909840439
1.0000000000
-12.7764983545	-0.1454671770	38.2687692203
-0.0419846005	0.4648697053	0.5521430171	0.6908484197
1.0000000000
-14.3147751322	-5.6181689897	38.4580045928
0.5001727035	-0.7428383937	-0.4284686072	-0.1201375888
1.0000000000
-26.1526520044	10.6867165596	3.7291030898
0.1770449891	0.6845830111	-0.1770439575	0.6845849910
1.0000000000
-6.8466000158	-11.0461869414	3.7291146669
0.5947047935	0.3825266685	-0.5947034213	0.3825276423
1.0000000000
-13.6727821311	-2.7975730421	39.7661618457
-0.6008993393	-0.3684213234	-0.4152895867	0.5750828389
1.0000000000
-13.2604534948	8.2091468780	30.3202936855
-0.4557108795	0.5362968196	-0.0009659577	0.7104311245
1.0000000000
-19.7484874116	-13.0065716577	31.4509838875
0.4716195742	-0.7533812152	-0.3883169580	-0.2433139164
1.0000000000
-9.7726849446	4.1844114675	24.0707312202
-0.6604574048	0.2430696397	-0.3500158367	0.6182249435
1.0000000000
-23.3346094923	-17.2898453507	25.4332320828
-0.8794529056	-0.1287290387	-0.0665572495	0.4533889654
1.0000000000
-17.2405894338	-0.2483739171	13.1448020497
-0.2759124788	-0.6416947646	-0.3644841340	0.6158339461
1.0000000000
-18.7491321493	-1.3951221882	14.6844518223
0.3766008417	0.6100081723	0.6242107668	-0.3105201352
1.0000000000
-18.7038834646	1.7572665950	13.2048995978
0.5417815599	0.7462751402	0.1499125564	0.3564721333
1.0000000000
-15.7772943338	-2.2540158948	13.0847044577
0.5922720458	-0.1111058689	-0.2946021445	0.7416730318
1.0000000000
-23.8652295454	-0.6937405646	22.9704553341
-0.6718652522	-0.2398117702	-0.3995111480	0.5757414701
1.0000000000
-20.1977204593	10.3694608713	9.7279633480
-0.0491974401	-0.9208873088	0.0678959587	-0.3807050239
1.0000000000
-8.2354710436	-7.6028672317	11.3523049790
0.5714976649	0.1911048954	-0.6182439494	0.5046223905
1.0000000000
-13.4393890284	-3.2328770203	37.9533983650
0.5493258578	0.4551408663	0.5723329648	-0.4043796127
1.0000000000
-12.6969007632	-0.4880102187	37.9027937549
-0.0561345724	0.4638810500	0.5581727053	0.6856431377
1.0000000000
-14.1797146498	-5.9783249819	38.0041711649
0.4942032292	-0.7393393261	-0.4383246398	-0.1304302082
1.0000000000
-26.1748272334	10.6992413362	3.7291030922
0.1770449890	0.6845830112	-0.1770439574	0.6845849909
1.0000000000
-6.8582735300	-11.0395957278	3.7291095786
0.5947048155	0.3825267505	-0.5947032927	0.3825277261
1.0000000000
-13.5373673664	-3.1804401452	39.3600554960
-0.6023210796	-0.3655606148	-0.4033633866	0.5838430717
1.0000000000
-13.3142013341	7.7451331607	29.8376625090
-0.4533049601	0.5376089768	0.0057015226	0.7109561828
1.0000000000
-19.6909161551	-13.0929761061	30.7777986563
0.4777608600	-0.7549968089	-0.3754131137	-0.2465550105
1.0000000000
-9.8500919723	3.8096552341	23.5184841280
-0.6613023470	0.2391404345	-0.3503442956	0.6186678696
1.0000000000
-23.1552182354	-17.4964835057	24.7754844718
-0.8839485561	-0.1300418228	-0.0728803381	0.4431845336
1.0000000000
-17.2123019341	-0.2793290634	13.1151940845
-0.2807914445	-0.6399740136	-0.3667421033	0.6140762626
1.0000000000
-18.7302973778	-1.4046553379	14.6613456789
0.3655422705	0.6100772686	0.6335541350	-0.3046206375
1.0000000000
-18.6527638088	1.7428458367	13.1727550130
0.5429413436	0.7479151864	0.1437018739	0.3538182340
1.0000000000
-15.7718390068	-2.3015054411	13.0576331138
0.5921212985	-0.1120335721	-0.2917151132	0.7427941433
1.0000000000
-24.0774268232	-0.8181321217	22.8092558500
-0.6682455011	-0.2331335733	-0.3922006514	0.5876013414
1.0000000000
-20.1583971578	10.3392488597	9.6619932454
-0.0524933542	-0.9227171129	0.0703602636	-0.3753491849
1.0000000000
-8.2020637110	-7.6262444963	11.3735389701
0.5705854834	0.1938848025	-0.6195064696	0.5030433615
1.0000000000
-13.3218346938	-3.5700785705	37.5190476563
0.5482084780	0.4476273775	0.5695196634	-0.4180245789
1.0000000000
-12.6092112211	-0.8168467559	37.5139711730
-0.0711131334	0.4622511139	0.5640230572	0.6805474421
1.0000000000
-14.0322865934	-6.3238715174	37.5242357823
0.4882447588	-0.7354647690	-0.4481573605	-0.1409383171
1.0000000000
-26.1984565721	10.7125874062	3.7291030969
0.1770449887	0.6845830114	-0.1770439573	0.6845849908
1.0000000000
-6.8694927378	-11.0332610404	3.7291046072
0.5947048370	0.3825268296	-0.5947031678	0.3825278076
1.0000000000
-13.3916054587	-3.5494210254	38.9282101632
-0.6030542865	-0.3632306299	-0.3911405410	0.5927884229
1.0000000000
-13.3432154394	7.2848318146	29.3264139023
-0.4512730568	0.5391722815	0.0119064623	0.7109881259
1.0000000000
-19.6127922502	-13.1548534894	30.0806006356
0.4831947047	-0.7573595387	-0.3613753291	-0.2496743441
1.0000000000
-9.9085439213	3.4281580544	22.9429074473
-0.6625744494	0.2352644397	-0.3508412130	0.6185112656
1.0000000000
-22.9659246010	-17.6828067590	24.1078136382
-0.8888326395	-0.1305658485	-0.0797387549	0.4319384552
1.0000000000
-17.1897769830	-0.3064148164	13.0892871149
-0.2850808925	-0.6384530802	-0.3686743213	0.6125241170
1.0000000000
-18.7157613740	-1.4127885157	14.6412416954
0.3542857043	0.6100685238	0.6426812908	-0.2987621035
1.0000000000
-18.6101285048	1.7300020489	13.1444496480
0.5438188538	0.7493683522	0.1384349360	0.3514881158
1.0000000000
-15.7694244233	-2.3428331696	13.0341245415
0.5920415881	-0.1128225163	-0.2892096857	0.7437174165
1.0000000000
-24.2900465296	-0.9411512120	22.6430631258
-0.6642358090	-0.2267568095	-0.3845511521	0.5995769765
1.0000000000
-20.1287398645	10.3124913074	9.6053505295
-0.0553908517	-0.9242422481	0.0723509789	-0.3707741310
1.0000000000
-8.1756037004	-7.6462027067	11.3913599505
0.5698455564	0.1962604108	-0.6205172691	0.5017132764
1.0000000000
-13.2073508883	-3.8877608339	37.0696114085
-0.5466215774	-0.4402637754	-0.5664273969	0.4318942733
1.0000000000
-12.5267021486	-1.1267647142	37.1115772194
-0.0860525802	0.4600382919	0.5697659606	0.6755194102
1.0000000000
-13.8858199249	-6.6492944141	37.0277012122
0.4824157462	-0.7311531930	-0.4580895592	-0.1511423563
1.0000000000
-26.2213588506	10.7255228232	3.7291031070
0.1770449880	0.6845830118	-0.1770439571	0.6845849906
1.0000000000
-6.8799867141	-11.0273351772	3.7291015562
0.5947048503	0.3825268776	-0.5947030916	0.3825278575
1.0000000000
-13.2487576982	-3.8989899075	38.4799989611
-0.6031075226	-0.3614449564	-0.3786273193	0.6018805635
1.0000000000
-13.3638986661	6.8439881930	28.8062625355
-0.4495933929	0.5409873999	0.0175407614	0.7105566381
1.0000000000
-19.5281338740	-13.1930901424	29.3755712440
0.4878501440	-0.7602656949	-0.3467155098	-0.2525602214
1.0000000000
-9.9641489114	3.0544459081	22.3641257419
-0.6641934323	0.2316221082	-0.3514281083	0.6178159663
1.0000000000
-22.7832268205	-17.8459028170	23.4446568107
-0.8938581830	-0.1304589998	-0.0868899765	0.4200572938
1.0000000000
-17.1903022264	-0.3180229962	13.0781841279
-0.2869249415	-0.6377968951	-0.3694899378	0.6118548720
1.0000000000
-18.7196289895	-1.4162154236	14.6326574112
0.3428355274	0.6099830670	0.6515882124	-0.2929458321
1.0000000000
-18.6019982579	1.7244324735	13.1322671064
0.5441527213	0.7500162292	0.1362058917	0.3504588803
1.0000000000
-15.7786051633	-2.3604799583	13.0241011100
0.5921579712	-0.1131459211	-0.2880556969	0.7440234224
1.0000000000
-24.5168870740	-1.0594699665	22.4805089850
-0.6598515710	-0.2206884408	-0.3765523534	0.6116378353
1.0000000000
-20.1273681844	10.3008836561	9.5814564095
-0.0569348898	-0.9248702397	0.0730341902	-0.3688352819
1.0000000000
-8.1736263115	-7.6532110606	11.3987361473
0.5696850526	0.1972611042	-0.6207453750	0.5012206869
1.0000000000
-13.1097118235	-4.1809571925	36.6143908509
-0.5445772414	-0.4330618672	-0.5630360442	0.4459635189
1.0000000000
-12.4631142557	-1.4129466153	36.7047923969
-0.1000781022	0.4573379725	0.5755615945	0.6704887794
1.0000000000
-13.7541224267	-6.9494779153	36.5239895524
0.4768471524	-0.7263595541	-0.4682457165	-0.1605133651
1.0000000000
-26.2413529030	10.7368156473	3.7291031160
0.1770449874	0.6845830122	-0.1770439569	0.6845849904
1.0000000000
-6.8894829766	-11.0219719902	3.7291005918
0.5947048545	0.3825268928	-0.5947030675	0.3825278733
1.0000000000
-13.1225591316	-4.2240160310	38.0247151213
-0.6024901605	-0.3602140911	-0.3658304623	0.6110805904
1.0000000000
-13.3963543808	6.4386400577	28.2968377408
-0.4483298779	0.5429326648	0.0224145466	0.7097337742
1.0000000000
-19.4523266648	-13.2098016944	28.6785528580
0.4917474369	-0.7634802879	-0.3319333512	-0.2551520303
1.0000000000
-10.0344283655	2.7025689443	21.8038198220
-0.6660464515	0.2283808394	-0.3519954360	0.6167037617
1.0000000000
-22.6231147800	-17.9844128970	22.7989922892
-0.8987943696	-0.1299487911	-0.0941132106	0.4079518310
1.0000000000
0
