16395
1088471247
8
30
1
unnamedActor
17
b_pelvis
-1
b_spine
0
b_l_thigh
0
b_r_thigh
0
b_spine1
1
b_l_calf
2
b_r_calf
3
b_neck
4
b_l_clavicle
4
b_r_clavicle
4
b_l_foot
5
b_r_foot
6
b_head
7
b_l_upperarm
8
b_r_upperarm
9
b_l_forearm
13
b_r_forearm
14
-0.4627279937	-0.3180229962	13.0781841276
-0.2869249417	-0.6377968952	-0.3694899380	0.6118548717
1.0000000000
-1.9920547582	-1.4162154221	14.6326574106
-0.2818500860	-0.6150071488	-0.4948211451	0.5454161442
1.0000000000
-1.8744240237	1.7244324746	13.1322671051
0.4473468305	0.6989820137	0.3938955326	0.3951597996
1.0000000000
0.9489690678	-2.3604799594	13.0241011107
0.6270323836	-0.0897440234	-0.2392420998	0.7358937544
1.0000000000
-4.4006548523	-3.3034607449	23.9041833704
-0.6064349790	-0.4092479797	0.0873769937	0.6761049980
1.0000000000
-4.5785367715	10.5357041796	11.2508341159
0.0310713018	0.8292948230	0.1390833663	0.5403336821
1.0000000000
9.1275332037	-6.7314949120	11.4442802098
0.5912025147	0.2273832936	-0.5676920753	0.5258347003
1.0000000000
7.5736073018	8.0213367277	32.1503918546
-0.4298910188	-0.5919800174	-0.1491340059	0.6652160696
1.0000000000
5.6991850463	10.1507297195	31.9494687256
-0.1097130441	0.6171772416	0.7457352695	0.2256860834
1.0000000000
9.4496171885	5.8932580846	32.3504233684
0.6683759368	-0.4528849398	-0.4817349249	0.3407349418
1.0000000000
-8.0883257013	12.2462157811	3.7291044849
0.1770448329	0.6845831239	-0.1770438880	0.6845849366
1.0000000000
11.2635434482	-9.5126000873	3.7291134521
0.5947048337	0.3825268910	-0.5947031196	0.3825278263
1.0000000000
7.9329103318	8.4595504168	33.4426394160
-0.5701068778	-0.4513819277	-0.4015689345	0.5567538901
1.0000000000
-4.3889705734	12.4727039296	26.8455874697
-0.2637887193	0.2947897224	0.8652119801	0.3080953758
1.0000000000
10.8998934273	-4.8830724940	28.4800925845
-0.8308979166	0.4151568639	0.1677941692	0.3303006921
1.0000000000
-9.8984111197	15.5732571485	21.6060559835
-0.3734603343	0.1304339403	0.6082713223	0.6881281599
1.0000000000
15.8180916758	-9.6377285072	23.9386595425
-0.9288288080	-0.0048788625	0.0005231981	0.3704766773
1.0000000000
-0.4627279937	-0.3180229962	13.0781841276
-0.2869249417	-0.6377968952	-0.3694899380	0.6118548717
1.0000000000
-1.9920547582	-1.4162154221	14.6326574106
-0.2784932664	-0.6649055567	-0.4499686713	0.5271340399
1.0000000000
-1.8744240237	1.7244324746	13.1322671051
0.4473468329	0.6989820144	0.3938955323	0.3951597959
1.0000000000
0.9489690678	-2.3604799594	13.0241011107
0.6270323930	-0.0897440251	-0.2392420901	0.7358937494
1.0000000000
-4.8200311424	-2.4346160438	23.9218798048
-0.6252614344	-0.4585303303	0.1367242414	0.6165262011
1.0000000000
-4.5785367864	10.5357041874	11.2508341739
0.0310712667	0.8292948262	0.1390833440	0.5403336849
1.0000000000
9.1275332855	-6.7314947908	11.4442802978
0.5912025188	0.2273833096	-0.5676920759	0.5258346882
1.0000000000
5.1703123840	11.2394848491	31.1914016111
-0.4307265940	-0.6447292965	-0.0823855879	0.6261080979
1.0000000000
3.0768424153	13.0762273566	30.6152906316
-0.0395851802	0.5994529307	0.7719336747	0.2078643771
1.0000000000
7.2652607763	9.4041223055	31.7665363603
0.6850706445	-0.4515111693	-0.4099345003	0.3984590086
1.0000000000
-8.0883257013	12.2462151000	3.7291043793
0.1770448329	0.6845831239	-0.1770438879	0.6845849366
1.0000000000
11.2635433954	-9.5125996785	3.7291133992
0.5947048337	0.3825268911	-0.5947031196	0.3825278263
1.0000000000
5.3891267894	11.8776124363	32.4307349412
-0.4081400340	-0.7998932021	-0.0067475395	0.4399398239
1.0000000000
-7.4313531366	16.2324018045	27.0336093209
-0.2994084468	0.3090608330	0.8432171594	0.3222123612
1.0000000000
10.2220742723	-1.5065027160	29.4368200957
-0.7692140761	0.5136056449	0.2939280929	0.2410917312
1.0000000000
-12.4652308388	19.1745480804	21.2522681130
-0.4289051822	0.0347039640	0.4210559923	0.7984659234
1.0000000000
12.6823274187	-6.8306481938	23.6904585270
-0.9134427012	-0.1452709729	0.0520697372	0.3765733906
1.0000000000
-0.4627279937	-0.3180229962	13.0781841276
-0.2869249417	-0.6377968952	-0.3694899380	0.6118548717
1.0000000000
-1.9920547582	-1.4162154221	14.6326574106
-0.2766579119	-0.7053253273	-0.4116299877	0.5064951487
1.0000000000
-1.8744240237	1.7244324746	13.1322671051
0.4473468286	0.6989820179	0.3938955293	0.3951597975
1.0000000000
0.9489690678	-2.3604799594	13.0241011107
0.6270324021	-0.0897440248	-0.2392420832	0.7358937439
1.0000000000
-5.2562722829	-1.6799658805	23.8304594629
-0.6384495703	-0.4892541331	0.1728289071	0.5684564260
1.0000000000
-4.5785368341	10.5357041506	11.2508340702
0.0310712339	0.8292948281	0.1390833228	0.5403336894
1.0000000000
9.1275333488	-6.7314946822	11.4442803250
0.5912025215	0.2273833277	-0.5676920791	0.5258346739
1.0000000000
3.2488139255	13.4543044315	30.0152243742
-0.4326112685	-0.6781108305	-0.0320174531	0.5932858287
1.0000000000
1.0399668018	15.0383739368	29.1786470642
-0.0981675661	0.6337066641	0.7449045075	0.1841093902
1.0000000000
5.4590637542	11.8716330829	30.8507430815
0.6905577669	-0.4504455298	-0.3555647797	0.4402300339
1.0000000000
-8.0883257013	12.2462144188	3.7291041068
0.1770448329	0.6845831239	-0.1770438880	0.6845849366
1.0000000000
11.2635432591	-9.5125992698	3.7291132630
0.5947048337	0.3825268910	-0.5947031196	0.3825278263
1.0000000000
3.3592713132	14.2285779355	31.1896746162
-0.4045725016	-0.7802616435	0.1538438879	0.4514918790
1.0000000000
-9.4968868950	16.7681362200	24.7974727321
-0.2650736991	0.3021478794	0.8505056815	0.3392383804
1.0000000000
9.3987990119	1.0780466580	29.7603117588
-0.7919280127	0.5188754911	0.2355265763	0.2194207812
1.0000000000
-14.6641024624	20.1910045004	19.4119447537
-0.4009533012	0.0281747734	0.3656268715	0.8394996267
1.0000000000
12.2774822918	-4.8212536387	24.8276167070
-0.9430840278	-0.0835128944	0.0488795169	0.3181649035
1.0000000000
-0.4627279937	-0.3180229962	13.0781841276
-0.2869249417	-0.6377968952	-0.3694899380	0.6118548717
1.0000000000
-1.9920547582	-1.4162154221	14.6326574106
0.2810911277	0.7327616658	0.3849528779	-0.4856535810
1.0000000000
-1.8744240237	1.7244324746	13.1322671051
0.4473468204	0.6989820230	0.3938955248	0.3951598023
1.0000000000
0.9489690678	-2.3604799594	13.0241011107
0.6270324111	-0.0897440233	-0.2392420780	0.7358937381
1.0000000000
-5.6116387622	-1.0480285796	23.6928612180
-0.6473593554	-0.4795626245	0.1793356239	0.5646098548
1.0000000000
-4.5785369015	10.5357040871	11.2508338695
0.0310712024	0.8292948291	0.1390833022	0.5403336949
1.0000000000
9.1275334010	-6.7314945811	11.4442803156
0.5912025233	0.2273833469	-0.5676920837	0.5258346584
1.0000000000
3.1550711958	14.1265966373	29.3945708155
-0.4442984238	-0.6720511153	-0.0245875434	0.5918966647
1.0000000000
0.9553369489	15.7170676332	28.5462108307
-0.1113010219	0.6510523974	0.7287843742	0.1805995411
1.0000000000
5.3562116276	12.5374795776	30.2418205914
0.6800241160	-0.4563172477	-0.3569798791	0.4493407805
1.0000000000
-8.0883257013	12.2462137376	3.7291037342
0.1770448329	0.6845831239	-0.1770438880	0.6845849366
1.0000000000
11.2635430729	-9.5125988611	3.7291130767
0.5947048337	0.3825268910	-0.5947031196	0.3825278263
1.0000000000
3.2898045842	14.9281740069	30.5479806730
-0.4774119581	-0.6740305447	0.2154860353	0.5208900226
1.0000000000
-9.5475616950	17.0825919554	23.9596527188
-0.2623079339	0.3177783482	0.8666553445	0.2812827457
1.0000000000
9.1497688294	1.6717939188	29.3712683505
-0.8134057703	0.5027278602	0.1952132487	0.2180081166
1.0000000000
-15.3293079033	19.7169886038	18.7585546931
-0.4116470615	0.0183069588	0.3720938404	0.8317197400
1.0000000000
12.5845161655	-4.3446125212	24.9638420974
-0.9551360344	-0.0456018779	0.0376441437	0.2902043125
1.0000000000
-0.4627279937	-0.3180229962	13.0781841276
-0.2869249417	-0.6377968952	-0.3694899380	0.6118548717
1.0000000000
-1.9920547582	-1.4162154221	14.6326574106
0.2852090370	0.7373913424	0.3807253136	-0.4795394133
1.0000000000
-1.8744240237	1.7244324746	13.1322671051
0.4473468108	0.6989820287	0.3938955197	0.3951598082
1.0000000000
0.9489690678	-2.3604799594	13.0241011107
0.6270324200	-0.0897440214	-0.2392420733	0.7358937323
1.0000000000
-5.6813368541	-0.8777883216	23.6561565556
-0.6479033478	-0.4588183507	0.1678356561	0.5844126672
1.0000000000
-4.5785369754	10.5357040146	11.2508336365
0.0310711713	0.8292948299	0.1390832819	0.5403337007
1.0000000000
9.1275334495	-6.7314944825	11.4442802940
0.5912025250	0.2273833666	-0.5676920889	0.5258346425
1.0000000000
3.9500307599	13.6942418267	29.5320940583
-0.4519045539	-0.6527439310	-0.0421669523	0.6065719931
1.0000000000
1.8070779251	15.4105917124	28.7904474938
-0.1106328830	0.6547411757	0.7241504907	0.1862268101
1.0000000000
6.0944228604	11.9792101028	30.2726297551
0.6704190292	-0.4609907132	-0.3832966250	0.4371608226
1.0000000000
-8.0883257013	12.2462130564	3.7291033283
0.1770448329	0.6845831239	-0.1770438879	0.6845849366
1.0000000000
11.2635428699	-9.5125984524	3.7291128737
0.5947048337	0.3825268911	-0.5947031196	0.3825278263
1.0000000000
4.1536357471	14.4545115685	30.7032339277
-0.5434896097	-0.5889753123	0.1757461650	0.5716995812
1.0000000000
-8.6515937908	16.8514838004	24.1265362765
-0.2732910148	0.3371345008	0.8767877918	0.2071123315
1.0000000000
9.3393158244	0.9771727187	28.9928229983
-0.8287603006	0.4807342959	0.1714368054	0.2294783709
1.0000000000
-14.9316135113	18.3205518355	19.0448783768
-0.4337212411	0.0152784098	0.4195652912	0.7972561832
1.0000000000
13.2724278345	-4.9194982152	24.8479534340
-0.9578748149	-0.0206172132	0.0270210869	0.2851677231
1.0000000000
-0.4627279937	-0.3180229962	13.0781841276
-0.2869249417	-0.6377968952	-0.3694899380	0.6118548717
1.0000000000
-1.9920547582	-1.4162154221	14.6326574106
-0.2867596582	-0.7087444961	-0.4104389788	0.4969808671
1.0000000000
-1.8744240237	1.7244324746	13.1322671051
0.4473468026	0.6989820338	0.3938955152	0.3951598130
1.0000000000
0.9489690678	-2.3604799594	13.0241011107
0.6270324290	-0.0897440199	-0.2392420681	0.7358937265
1.0000000000
-5.3316069036	-1.4336036856	23.8071509695
-0.6378962166	-0.4442098595	0.1452763495	0.6120954173
1.0000000000
-4.5785370427	10.5357039511	11.2508334358
0.0310711398	0.8292948309	0.1390832613	0.5403337062
1.0000000000
9.1275335018	-6.7314943814	11.4442802846
0.5912025268	0.2273833858	-0.5676920936	0.5258346270
1.0000000000
5.0463511733	12.2879792463	30.4139727692
-0.4474973011	-0.6355938030	-0.0728338306	0.6248695193
1.0000000000
2.9734406888	14.1424517428	29.8205780503
-0.1150456164	0.6463122235	0.7284232439	0.1960729293
1.0000000000
7.1207429087	10.4348271163	31.0063160175
0.6700886788	-0.4600721266	-0.4130885703	0.4106977404
1.0000000000
-8.0883257013	12.2462123752	3.7291029557
0.1770448329	0.6845831239	-0.1770438879	0.6845849366
1.0000000000
11.2635426837	-9.5125980437	3.7291126874
0.5947048337	0.3825268911	-0.5947031196	0.3825278263
1.0000000000
5.3023577725	12.9622156484	31.6267792501
-0.5756392842	-0.5751377934	0.0296003749	0.5804995702
1.0000000000
-7.3753528552	15.7229611356	24.9608955343
-0.2629270806	0.3348772403	0.8837954372	0.1939902303
1.0000000000
9.8374902891	-0.5977836592	28.9783008719
-0.8344523649	0.4583708747	0.1661269048	0.2568798230
1.0000000000
-13.8330685414	17.0925393811	20.0780460449
-0.4231013103	0.0475250909	0.4817114907	0.7659508383
1.0000000000
14.1449248309	-6.1781935855	24.7681851237
-0.9520475360	-0.0044992109	0.0204881921	0.3052302086
1.0000000000
-0.4627279937	-0.3180229962	13.0781841276
-0.2869249417	-0.6377968952	-0.3694899380	0.6118548717
1.0000000000
-1.9920547582	-1.4162154221	14.6326574106
-0.2854747925	-0.6632411104	-0.4535671416	0.5223908694
1.0000000000
-1.8744240237	1.7244324746	13.1322671051
0.4473467983	0.6989820373	0.3938955122	0.3951598146
1.0000000000
0.9489690678	-2.3604799594	13.0241011107
0.6270324381	-0.0897440196	-0.2392420611	0.7358937210
1.0000000000
-4.8403988458	-2.3481963481	23.9247287866
-0.6225538276	-0.4278429107	0.1162162404	0.6448805788
1.0000000000
-4.5785370904	10.5357039143	11.2508333321
0.0310711070	0.8292948328	0.1390832401	0.5403337107
1.0000000000
9.1275335651	-6.7314942728	11.4442803118
0.5912025295	0.2273834039	-0.5676920967	0.5258346128
1.0000000000
6.3437235204	10.2313967682	31.4282739634
-0.4386779687	-0.6149665016	-0.1113545918	0.6457383344
1.0000000000
4.3636187454	12.2327921972	31.0260988444
-0.1150892607	0.6318831733	0.7370489655	0.2103257946
1.0000000000
8.3253621160	8.2313252685	31.8294807497
0.6705878393	-0.4567883451	-0.4476695503	0.3758301894
1.0000000000
-8.0883257013	12.2462116940	3.7291026832
0.1770448329	0.6845831239	-0.1770438879	0.6845849366
1.0000000000
11.2635425474	-9.5125976350	3.7291125511
0.5947048337	0.3825268910	-0.5947031196	0.3825278263
1.0000000000
6.6525047056	10.7897909017	32.6867984313
-0.5849831201	-0.5435473242	-0.1929320292	0.5702002172
1.0000000000
-5.8512351472	14.1325175759	26.0001804853
-0.2587451335	0.3187387782	0.8818044605	0.2321151451
1.0000000000
10.4245083757	-2.7232815980	28.8626245575
-0.8336154948	0.4372662594	0.1674229429	0.2930067974
1.0000000000
-12.0779987878	16.1394097503	21.0383407100
-0.4006870736	0.0894055589	0.5474892019	0.7291859083
1.0000000000
15.0352528435	-7.9036835244	24.4666589952
-0.9413375680	-0.0005692760	0.0119538803	0.3372541529
1.0000000000
-0.4627279937	-0.3180229962	13.0781841276
-0.2869249417	-0.6377968952	-0.3694899380	0.6118548717
1.0000000000
-1.9920547582	-1.4162154221	14.6326574106
-0.2818500860	-0.6150071488	-0.4948211451	0.5454161442
1.0000000000
-1.8744240237	1.7244324746	13.1322671051
0.4473468007	0.6989820380	0.3938955119	0.3951598109
1.0000000000
0.9489690678	-2.3604799594	13.0241011107
0.6270324475	-0.0897440213	-0.2392420514	0.7358937160
1.0000000000
-4.4006548523	-3.3034607449	23.9041833704
-0.6064349790	-0.4092479797	0.0873769937	0.6761049980
1.0000000000
-4.5785371054	10.5357039221	11.2508333901
0.0310710719	0.8292948360	0.1390832178	0.5403337135
1.0000000000
9.1275336468	-6.7314941516	11.4442803998
0.5912025336	0.2273834199	-0.5676920973	0.5258346007
1.0000000000
7.5736073018	8.0213367277	32.1503918546
-0.4298910188	-0.5919800174	-0.1491340059	0.6652160696
1.0000000000
5.6991850463	10.1507297195	31.9494687256
-0.1097130441	0.6171772416	0.7457352695	0.2256860834
1.0000000000
9.4496171885	5.8932580846	32.3504233684
0.6683759368	-0.4528849398	-0.4817349249	0.3407349418
1.0000000000
-8.0883257013	12.2462110128	3.7291025775
0.1770448329	0.6845831239	-0.1770438879	0.6845849366
1.0000000000
11.2635424946	-9.5125972263	3.7291124983
0.5947048337	0.3825268911	-0.5947031196	0.3825278263
1.0000000000
7.9329103318	8.4595504168	33.4426394160
-0.5701068778	-0.4513819277	-0.4015689345	0.5567538901
1.0000000000
-4.3889705734	12.4727039296	26.8455874697
-0.2637887359	0.2947897205	0.8652119669	0.3080954006
1.0000000000
10.8998934273	-4.8830724940	28.4800925845
-0.8308978867	0.4151569238	0.1677941931	0.3303006802
1.0000000000
-9.8984107239	15.5732573618	21.6060556935
-0.3734603485	0.1304339289	0.6082712956	0.6881281779
1.0000000000
15.8180907283	-9.6377290225	23.9386590558
-0.9288288078	-0.0048788779	0.0005231920	0.3704766775
1.0000000000
0
